((("with" .
   [1 0 0 0])
  ("Rename" .
   [1 0 0 0 0 0])
  ("function" .
   [1 0 0 0 0 0 0 0])
  ("C" .
   [1])
  ("S" .
   [1])
  ("Xi" .
   [1 0])
  ("***" .
   [12 0 6])
  ("**" .
   [3 28])
  ("+TITLE" .
   [0 0 0 0 0 1])
  ("TODO" .
   [23 3 0 2])
  ("Subjects" .
   [0 0 0 0 0 0 0 1])
  ("TITLE: " .
   [1 0 1 0 0 0 0])
  ("test" .
   [2 0 0 1])
  ("Packages" .
   [1 0 0 0 0 0 0 0])
  ("org" .
   [4 0 0])
  ("export" .
   [2 0 0 0 0 0])
  ("Highlight" .
   [0 0 0 0 1 0 0 0 0])
  ("java" .
   [1 0 0 0])
  ("python" .
   [0 0 0 0 1 0])))
